eta = 2.0408163265306123e-01(deltaU, bulk, logTerms, log arg) = (9.0238668855364923e-01, 1.2907759386869908e+00, 6.9910405168505019e-01, 9.4374740180355565e-01)
In Hamiltonian: tortoise flag = 2
x = 2.0473486830620171e+01	1.9628736968674326e-02	-2.0000000050584780e-03
p = -6.3399392110294285e-04	2.3876174995271382e-01	5.8584640091096954e-05
sStar = -2.0408745261517480e-02	1.0202283612407043e-02	-2.0408165448971675e-02
sKerr = 3.4693643263898476e-02	4.0820447134122017e-03	3.4693878166191586e-02
csi = 9.0423857897503812e-01, Q = 1.0570072198036116e+00, pvr = 4.0283695829304111e-01, xi2 = 5.0342594837119981e-01 , deltaT = 3.7824806110750728e+02, rho2 = 4.1916525597504915e+02, Lambda = 1.7570007325351072e+05, pxir = 3.4448971587928918e+00, B = 1.9448600492259263e+01
KK = 7.6851331053785921e-01
bulk = 1.2907759386869908e+00, logTerms = 6.9910405168505019e-01
csi(miami) = 9.0423857897503812e-01
 a = 4.9233902487772485e-02, r = 2.0473496337726310e+01
D = 1.0041202525167046e+00, ww = 2.0159802445507684e+00, rho = 2.0473525733860527e+01, Lambda = 1.7570007325351072e+05, xi = 7.0952515696851781e-01
pr = -4.0508917670256905e-04, pf = 3.4448971587928918e+00, deltaR = 3.7980653863322414e+02, deltaT = 3.7824806110750728e+02
pr = -4.0508917670256905e-04, prT = -3.6629726149969914e-04
 a = 4.9233902487772485e-02, r = 2.0473496337726310e+01
D = 1.0041202525167046e+00, ww = 2.0159802445507684e+00, rho = 2.0473525733860527e+01, Lambda = 1.7570007325351072e+05, xi = 7.0952515696851781e-01
pr = -4.0508917670256905e-04, pf = 3.4448971587928918e+00, deltaR = 3.7980653863322414e+02, deltaT = 3.7824806110750728e+02
pr = -4.0508917670256905e-04, prT = -3.6629726149969914e-04
pn2 = 1.4868886255725571e-07, pp = 5.7007219803611564e-02
deltaSigmaStar_x = -7.1300504122629371e-04, deltaSigmaStar_y = 1.4999170019474182e-04, deltaSigmaStar_z = -7.1299654501871107e-04
term 1 in Hns: 5.9387710207126680e-17
term 2 in Hns: 7.6902018976795496e-04
term 3 in Hns = 5.6238050924981138e-02
term 4 in Hns = 1.4868886255725571e-07
term 5 in Hns = 1.1081790985637459e+00
term 6 in Hns = 3.9526703023140456e-05
Hns = 9.7667838418066011e-01, Hs = -1.6977857790395958e-05, Hss = 1.9661685072412370e-08
H = 9.7666146149894595e-01
