dvalues[0] = -7.4372569499148253e-04 
dvalues[1] = 2.4307375666377112e-01 
dvalues[2] = 1.4970668125991029e-10 
dvalues[3] = -3.7825646555424081e-03 
dvalues[4] = -8.9443344855631944e-07 
dvalues[5] = 1.8558171188461018e-05 
dvalues[6] = 3.8584811624132890e-06 
dvalues[7] = 2.2203029803489445e-06 
dvalues[8] = -1.9404159942819939e-07 
dvalues[9] = 9.7410831986000941e-06 
dvalues[10] = 7.7030273148626601e-05 
dvalues[11] = -7.4866036681179546e-07 
